1 2 3 3 3 0 
1 2 0 0 4 0 
1 5 5 0 4 0 
6 6 6 0 4 0 
0 0 7 8 8 0 
9 9 7 0 0 0 

5 向右移动

1 2 3 3 3 0 
1 2 0 0 4 0 
1 0 5 5 4 0 
6 6 6 0 4 0 
0 0 7 8 8 0 
9 9 7 0 0 0 

2 向下移动

1 0 3 3 3 0 
1 2 0 0 4 0 
1 2 5 5 4 0 
6 6 6 0 4 0 
0 0 7 8 8 0 
9 9 7 0 0 0 

3 向左移动

1 3 3 3 0 0 
1 2 0 0 4 0 
1 2 5 5 4 0 
6 6 6 0 4 0 
0 0 7 8 8 0 
9 9 7 0 0 0 

4 向上移动

1 3 3 3 4 0 
1 2 0 0 4 0 
1 2 5 5 4 0 
6 6 6 0 0 0 
0 0 7 8 8 0 
9 9 7 0 0 0 

6 向右移动

1 3 3 3 4 0 
1 2 0 0 4 0 
1 2 5 5 4 0 
0 0 0 6 6 6 
0 0 7 8 8 0 
9 9 7 0 0 0 

7 向上移动

1 3 3 3 4 0 
1 2 0 0 4 0 
1 2 5 5 4 0 
0 0 7 6 6 6 
0 0 7 8 8 0 
9 9 0 0 0 0 

9 向右移动

1 3 3 3 4 0 
1 2 0 0 4 0 
1 2 5 5 4 0 
0 0 7 6 6 6 
0 0 7 8 8 0 
0 0 0 0 9 9 

1 向下移动

0 3 3 3 4 0 
0 2 0 0 4 0 
0 2 5 5 4 0 
1 0 7 6 6 6 
1 0 7 8 8 0 
1 0 0 0 9 9 

2 向下移动

0 3 3 3 4 0 
0 0 0 0 4 0 
0 0 5 5 4 0 
1 0 7 6 6 6 
1 2 7 8 8 0 
1 2 0 0 9 9 

5 向左移动

0 3 3 3 4 0 
0 0 0 0 4 0 
5 5 0 0 4 0 
1 0 7 6 6 6 
1 2 7 8 8 0 
1 2 0 0 9 9 

7 向上移动

0 3 3 3 4 0 
0 0 7 0 4 0 
5 5 7 0 4 0 
1 0 0 6 6 6 
1 2 0 8 8 0 
1 2 0 0 9 9 

6 向左移动

0 3 3 3 4 0 
0 0 7 0 4 0 
5 5 7 0 4 0 
1 6 6 6 0 0 
1 2 0 8 8 0 
1 2 0 0 9 9 

8 向左移动

0 3 3 3 4 0 
0 0 7 0 4 0 
5 5 7 0 4 0 
1 6 6 6 0 0 
1 2 8 8 0 0 
1 2 0 0 9 9 

9 向左移动

0 3 3 3 4 0 
0 0 7 0 4 0 
5 5 7 0 4 0 
1 6 6 6 0 0 
1 2 8 8 0 0 
1 2 9 9 0 0 

4 向下移动

0 3 3 3 0 0 
0 0 7 0 0 0 
5 5 7 0 0 0 
1 6 6 6 4 0 
1 2 8 8 4 0 
1 2 9 9 4 0 

3 向右移动

0 0 0 3 3 3 
0 0 7 0 0 0 
5 5 7 0 0 0 
1 6 6 6 4 0 
1 2 8 8 4 0 
1 2 9 9 4 0 

7 向上移动

0 0 7 3 3 3 
0 0 7 0 0 0 
5 5 0 0 0 0 
1 6 6 6 4 0 
1 2 8 8 4 0 
1 2 9 9 4 0 
